$ 1 0.000005 5.023272298708815 52 5 43 5e-11
165 240 176 304 176 14 4.990276903956686
g 336 432 336 480 0 0
w 336 336 336 432 0
w 176 304 176 432 0
w 176 432 336 432 0
r 0 32 96 32 0 10000
368 368 240 448 240 0 0
w 176 304 240 304 0
g 96 96 96 128 0 0
s 96 32 96 96 0 1 true
w 96 32 368 32 0
w 368 32 368 208 0
R 0 208 -80 208 0 0 40 5 0 0 0.5
s 96 208 96 272 0 1 true
g 96 272 96 336 0 0
r 0 208 96 208 0 10000
w 0 208 0 32 0
w 96 208 240 272 0
w 0 208 64 160 0
w 64 160 304 144 0
d 432 320 432 432 2 default-led
w 336 432 432 432 0
r 368 240 432 320 0 330
368 240 272 176 208 0 0
368 368 208 448 160 0 0
g 240 208 240 224 0 0
