$ 1 0.000005 5.023272298708815 52 5 43 5e-11
165 -176 64 -112 64 14 0
g -80 320 -80 368 0 0
w -80 224 -80 320 0
368 -48 128 32 128 0 0
w -176 96 -208 192 0
w -48 -80 -48 96 0
R -416 96 -496 96 0 0 40 5 0 0 0.5
s -320 96 -320 160 0 1 true
g -320 160 -320 224 0 0
r -416 96 -320 96 0 10000
w -416 96 -416 -80 0
w -320 96 -176 160 0
w -416 96 -384 -32 0
w -384 -32 -112 -32 0
d 16 208 16 320 2 default-led
w -80 320 16 320 0
r -48 128 16 208 0 1000
368 -176 160 -272 160 0 0
368 -48 96 32 48 0 0
w -112 -32 -112 32 0
r -336 16 -256 16 0 1000
w -416 96 -336 16 0
c -48 -80 32 -80 0 1.0000000000000001e-7 4.999999976037499 0.001
g 32 -80 32 -48 0 0
w -416 -80 -288 -80 0
r -288 -80 -208 -80 0 220000
w -208 -80 -48 -80 0
368 -48 -80 -112 -144 0 0
g -256 80 -256 96 0 0
w -256 16 -176 16 0
w -176 16 -176 96 0
368 -256 16 -176 0 0 0
w -176 192 -208 192 0
209 -256 16 -256 80 0 0.000032999999999999996 0.049504950495050666 0.001 1
