$ 1 0.000005 27.727228452313398 40 5 43 5e-11
t 176 160 176 208 1 -1 0 0 100 default
f 224 208 288 208 32 1.5 0.02
r 224 208 224 320 0 10000
r 400 64 400 208 0 50000
r 80 64 80 208 0 10000
r 176 64 176 160 0 1000000
209 400 208 400 320 0 0.000001 0.001 0.001 1
w 288 320 400 320 0
s 496 32 496 208 0 1 true
w 400 208 496 208 0
w 192 208 224 208 0
w 224 320 288 320 0
w 288 320 288 224 0
w 80 208 80 320 0
w 176 320 224 320 0
w 160 208 80 208 0
w 80 64 176 64 0
v 176 320 80 320 0 0 40 12 0 0 0.5
g 224 320 224 368 0 0
p -64 320 -64 64 3 0 0
w 16 320 80 320 0
w 16 64 80 64 0
r 16 64 16 320 0 50
w -64 64 16 64 0
w -64 320 16 320 0
w 224 208 224 32 0
w 224 32 496 32 0
w 176 64 288 64 0
w 288 64 400 64 0
w 288 192 288 64 0
368 224 208 144 256 0 0
368 288 192 352 160 0 0
368 400 208 496 272 0 0
