$ 1 0.000005 382.76258214399064 48 5 50 5e-11
g 464 480 464 560 0 0
r 464 112 464 272 0 50000
r 464 272 464 480 0 10000
a 544 288 704 288 8 5 0 1000000 0.8326394671107411 9.276010465860177e-24 100000
R 464 112 464 0 0 0 40 5 0 0 0.5
w 464 272 544 272 0
w 544 304 368 304 0
209 272 304 272 480 4 0.00009999999999999999 9.276010465860177e-24 0.001 0 1
s 272 112 272 208 0 1 true
r 272 208 272 272 0 120
w 272 272 272 304 0
w 272 112 464 112 0
w 464 480 272 480 0
t 800 288 896 288 0 1 -5.000073248500548 -0.00008324802183159656 100 default
r 704 288 800 288 0 1000
w 464 112 608 112 0
w 464 480 896 480 0
w 896 304 896 480 0
p 896 272 1008 320 3 0 0 10000000
g 1008 320 1008 464 0 0
p 800 288 736 384 3 0 0 10000000
g 736 384 736 416 0 0
174 400 336 368 432 1 1000000 0.9950000000000001 Resistance
w 464 480 400 432 0
w 368 384 272 304 0
w 368 304 272 304 0
w 896 256 896 272 0
g 176 400 176 432 0 0
p 176 304 176 400 3 0 0 10000000
w 176 304 272 304 0
p 544 176 608 176 3 0 0 10000000
g 608 176 608 208 0 0
w 544 272 544 176 0
178 928 256 928 112 6 1 0.2 -4.999760641803731e-7 0.05 1000000 0.02 20 0.015 0.005 0
w 720 112 896 112 0
d 832 192 896 112 2 default
w 832 192 896 272 0
s 608 112 720 112 0 0 false
