$ 1 0.000005 21.593987231061412 53 5 43 5e-11
165 -176 64 -112 64 14 0
g -80 320 -80 368 0 0
w -80 224 -80 320 0
368 -48 128 32 128 0 0
w -48 32 -48 96 0
R -432 -144 -528 -144 0 0 40 12 0 0 0.5
w -80 320 16 320 0
r -48 128 16 208 0 1000
368 -48 96 32 48 0 0
r -432 -96 -352 -96 0 1000
w -432 -144 -432 -96 0
w -432 -144 -112 -144 0
368 -352 -96 -272 -96 0 0
162 16 208 16 320 2 default-led 0 1 0 0.01
d -448 0 -448 64 2 1N4148
d -352 64 -352 0 2 1N4148
w -448 0 -352 0 0
w -352 0 -352 -96 0
174 -448 64 -368 96 1 5000000 0.5693 Resistance
w -400 96 -400 192 0
w -400 192 -176 192 0
c -400 192 -400 320 0 3.5e-8 0.001 0.001
w -112 320 -400 320 0
c -112 224 -112 320 0 1e-8 0.001 0.001
w -112 320 -80 320 0
w -176 192 -176 160 0
c -112 32 -112 -144 0 0.047 0.001 0.001
368 -400 192 -464 176 0 0
w -352 -96 -176 96 0
w -112 32 -48 32 0
o 7 128 0 12291 0.0001 0.0001 0 4 7 3 21 0 21 3
