$ 1 0.000005 13.097415321081861 75 5 43 5e-11
f 272 240 336 240 32 1.5 0.02
r 96 80 96 176 0 1000
s 96 176 96 240 0 1 true
s 96 240 96 304 0 1 true
r 96 304 96 400 0 1000
r 96 240 208 240 0 500000
c 272 80 272 240 0 6.800000000000001e-7 9.8347911101077 0
w 336 224 336 80 0
w 336 80 272 80 0
w 208 80 96 80 0
w 336 256 336 400 0
w 96 400 208 400 0
g 336 400 336 464 0 0
v 528 400 528 352 0 0 40 12 0 0 0.5
w 336 400 528 400 0
162 480 160 480 80 2 default-led 1 0 0 0.01
162 528 160 528 80 2 default-led 1 0 0 0.01
162 576 160 576 80 2 default-led 1 0 0 0.01
w 480 352 528 352 0
w 528 352 576 352 0
r 480 256 480 160 0 1000
r 528 256 528 160 0 1000
r 576 256 576 160 0 1000
w 480 80 528 80 0
w 528 80 576 80 0
p 208 240 208 400 3 0 0
p 208 80 208 240 3 0 0
p 672 176 672 336 3 0 0
w 528 400 672 400 0
w 672 400 672 336 0
w 672 176 672 80 0
w 672 80 576 80 0
370 480 80 336 80 1 0 0
370 576 352 576 256 1 0 0
w 272 400 336 400 0
w 528 256 528 352 0
w 480 256 480 352 0
w 272 80 208 80 0
w 208 240 272 240 0
w 272 400 208 400 0
p 400 352 400 160 3 0 0
w 480 352 400 352 0
w 480 160 400 160 0
