$ 1 0.000005 16.817414165184545 50 5 43 5e-11
d 192 192 240 144 2 default
d 240 144 288 192 2 default
d 192 192 240 240 2 default
d 240 240 288 192 2 default
g 528 336 528 400 0 0
v 96 144 96 240 0 1 50 12 0 0 0.5
w 96 144 240 144 0
w 96 240 240 240 0
w 192 192 192 336 0
w 288 192 352 192 0
r 720 192 720 336 0 1000
209 528 192 528 336 0 0.00047 10.657503930140878 0.001 1
w 432 192 528 192 0
w 192 336 352 336 0
w 432 336 528 336 0
w 352 192 432 192 0
w 352 336 432 336 0
r 352 192 352 272 0 1000
c 352 272 352 336 0 1e-8 10.656720985388434 0.001
r 432 192 432 336 0 56000
w 608 192 720 192 0
w 528 336 608 336 0
w 608 336 720 336 0
w 528 192 608 192 0
o 5 64 0 12291 12.000000000000002 1.738708663821901 0 6 5 3 10 0 10 3 18 0 18 3
