$ 1 0.000005 2.008553692318767 53 5 43 5e-11
407 64 96 240 96 1025
f 64 224 160 224 32 1.5 0.02
R 160 -16 160 -80 0 0 40 12 0 0 0.5
r 160 128 160 208 0 1000
r 64 224 64 304 0 100000
s -144 96 -144 224 0 1 true
r -48 -16 -48 64 0 1000
w -48 96 64 96 0
162 240 64 240 144 2 default-led 0 1 0 0.01
r 240 144 240 224 0 1000
w 160 -16 160 96 0
w -48 96 -144 96 0
p 528 -16 528 144 3 0 0
w 160 -16 240 -16 0
p 528 144 528 304 3 0 0
r 240 -16 240 64 0 1000
162 240 224 240 304 2 default-led 1 0 0 0.01
w -144 224 64 224 0
w 64 128 64 224 0
w -48 64 -48 96 0
w 160 -16 -48 -16 0
w 160 304 240 304 0
g 64 304 64 352 0 0
w 160 208 192 208 0
w 192 208 192 144 0
w 192 144 240 144 0
w 240 -16 320 -16 0
w 240 144 320 144 0
w 528 144 320 144 0
w 240 304 528 304 0
w 320 -16 528 -16 0
w 160 240 160 304 0
w 160 304 64 304 0
s 288 16 288 96 0 0 false
w 288 16 320 -16 0
w 288 96 320 144 0
r 320 -16 320 144 0 10000
x 462 54 492 57 4 24 RL
