$ 1 0.000005 8.281975887399955 54 5 43 5e-11
t 112 48 160 48 0 1 0.5905141502356637 0.6369125046070667 100 default
t 256 48 304 48 0 1 0.5905141502356637 0.6369125046070667 100 default
t 416 48 464 48 0 1 0.5905141502356637 0.6369125046070667 100 default
g 304 464 304 576 0 0
w 160 64 160 176 0
w 304 64 304 176 0
w 464 64 464 176 0
370 304 368 304 464 1 0 0
w 160 304 304 368 0
w 304 304 304 368 0
w 464 304 304 368 0
w 304 -112 304 -32 0
w 304 -32 304 32 0
w 304 -32 464 -32 0
w 304 -32 160 -32 0
w 160 -32 160 32 0
w 464 -32 464 32 0
v -48 464 -48 144 0 0 40 5 0 0 0.5
w 304 464 -48 464 0
w -48 144 -48 -112 0
w 192 -112 304 -112 0
r 112 48 112 96 0 5000.5
r 96 -112 -48 -112 0 500
370 96 -112 192 -112 1 0 0
370 160 240 160 304 1 0 0
370 304 240 304 304 1 0 0
370 464 240 464 304 1 0 0
370 112 144 112 96 1 0 0
r 160 176 160 240 0 0.5
r 304 176 304 240 0 0.5
r 464 176 464 240 0 0.5
r 256 48 256 96 0 5000.5
r 416 48 416 96 0 5000.5
370 256 144 256 96 1 0 0
370 416 144 416 96 1 0 0
w -48 144 112 144 0
w 112 144 256 144 0
w 256 144 416 144 0
s 160 176 224 208 0 1 false
s 304 176 368 208 0 1 false
s 464 176 528 208 0 1 false
w 528 208 464 240 0
w 368 208 304 240 0
w 224 208 208 208 0
p 80 176 80 304 3 0 0
w 80 304 160 304 0
w 80 176 160 176 0
w 240 176 304 176 0
w 240 304 304 304 0
p 240 176 240 304 3 0 0
w 384 176 464 176 0
w 384 304 464 304 0
p 384 176 384 304 3 0 0
w 208 208 160 240 0
p -48 144 96 -112 3 0 0
w 304 -112 656 -112 0
w 304 464 656 464 0
p 656 -112 656 464 3 0 0
38 21 F1 0 1 10000 -1 R1
38 31 F1 0 1 10000 -1 R2
38 32 F1 0 1 10000 -1 R3
