$ 1 0.000005 0.44816890703380646 53 5 43 5e-11
r 0 -176 80 -176 0 1000
r 80 -176 192 -176 0 1000
w 192 -176 256 -176 0
w 256 -176 256 -80 0
w 80 -96 128 -96 0
368 256 -80 368 -128 0 0
a 128 -80 256 -80 8 15 -15 1000000 0.00012499500019999202 0 100000
172 0 -176 -80 -176 0 7 5 5 0 0 0.5 V1
g 128 128 128 176 0 0
x 442 -66 637 -63 4 24 Vo\s\q\s-(V1\pV2\pV3)
x 441 -111 681 -108 4 24 Summing\sAmplificador
x 120 -214 144 -211 4 24 Rf
r 0 -96 80 -96 0 1000
w 80 -176 80 -96 0
r 128 -64 128 0 0 10000
172 0 -96 -80 -96 0 7 5 5 0 0 0.5 V2
172 0 -16 -80 -16 0 7 2.5 5 0 0 0.5 V3
r 0 -16 80 -16 0 1000
w 80 -96 80 -16 0
a 336 112 464 112 8 15 -15 1000000 -0.000124992500349985 0 100000
w 256 -80 256 48 0
w 128 128 336 128 0
w 128 128 128 0 0
r 256 48 336 48 0 1000
r 336 48 416 48 0 1000
w 336 48 336 96 0
w 416 48 464 48 0
w 464 48 464 112 0
368 464 112 592 64 0 0
