$ 1 0.000005 0.44816890703380646 55 5 43 5e-11
r 16 -176 96 -176 0 1000
r 96 -176 192 -176 0 1000
w 192 -176 256 -176 0
w 256 -176 256 -80 0
w 96 -176 96 -96 0
w 96 -96 128 -96 0
w -64 -176 16 -176 0
368 256 -80 368 -80 0 0
g 128 -64 128 16 0 0
a 128 -80 256 -80 8 15 -15 1000000 0.000049999000019999587 0 100000
a 128 240 256 240 8 15 -15 1000000 4.9999000019999595 5 100000
172 -64 16 -144 16 0 7 5 5 -5 0 0.5 Voltage
368 256 240 368 240 0 0
w 96 224 128 224 0
w 96 144 96 224 0
w 256 144 256 240 0
w 192 144 256 144 0
r 96 144 192 144 0 1000
r 16 144 96 144 0 1000
g 16 144 16 192 0 0
x 445 -72 637 -69 4 24 Vo\s/\sVin\s\q\s-Rf\s/\sR1
w -64 -176 -64 16 0
w -64 16 -64 256 0
w -64 256 128 256 0
x 453 186 694 189 4 24 Vo\s/\sVin\s\q\s1\s\p\s(Rf\s/\sR1)
x 441 -111 666 -108 4 24 Inverting\sAmplifier
x 451 149 693 152 4 24 Non-inverting\sAmplifier
x 133 -204 157 -201 4 24 Rf
x 129 108 153 111 4 24 Rf
x 43 109 73 112 4 24 R1
x 44 -208 74 -205 4 24 R1
368 256 464 368 464 0 0
w -64 256 -64 480 0
w -64 480 128 480 0
a 128 464 256 464 8 15 -15 1000000 4.999950000499995 5 100000
w 256 464 256 400 0
w 256 400 128 400 0
w 128 400 128 448 0
x 461 439 638 442 4 24 Voltage\sFollower
x 461 488 550 491 4 24 Vo\s\q\sVin
38 0 F1 0 1 1000 -1 R1\sInversor
38 18 F1 0 1 1000 -1 R1\s-\sNon\sInverting
