$ 1 0.000005 0.44816890703380646 53 5 43 5e-11
r 0 -176 80 -176 0 1000
r 80 -176 192 -176 0 1000
w 192 -176 256 -176 0
w 256 -176 256 -80 0
368 256 -80 368 -128 0 0
a 128 -80 256 -80 8 15 -15 1000000 1.4999895002099959 1.5 100000
172 0 -176 -80 -176 0 7 1.95 5 0 0 0.5 V1
g 80 48 80 96 0 0
x 442 -66 680 -63 4 24 Vo\s\q\s(V2-V1)*(Rf\s/\sR1)
x 441 -111 650 -108 4 24 Difference\sAmplifier
x 120 -214 144 -211 4 24 Rf
r 0 -64 80 -64 0 1000
172 0 -64 -80 -64 0 7 3 5 0 0 0.5 V2
r 80 -64 80 48 0 1000
w 80 -64 128 -64 0
w 80 -176 80 -96 0
w 80 -96 128 -96 0
368 80 -176 80 -256 0 0
368 80 -64 224 32 0 0
x 40 -6 64 -3 4 24 Rf
x 28 -93 58 -90 4 24 R1
x 26 -203 56 -200 4 24 R1
