$ 1 0.000005 15.472767971186109 54 5 43 5e-11
d 704 368 752 320 2 default
d 752 320 800 368 2 default
d 704 368 752 416 2 default
d 752 416 800 368 2 default
v 928 320 928 416 0 1 50 308 0 0 0.5
w 928 320 752 320 0
g 704 432 704 496 0 0
w 704 432 704 368 0
w 752 416 752 528 0
w 496 432 704 432 0
407 320 112 320 208 1
g 320 144 320 192 0 0
R 256 16 336 16 0 0 40 5 0 0 0.5
s 256 112 320 112 0 0 false
34 zener-10 1 1.7143528192810002e-7 0 2.0000000000000084 10 1
z 528 192 528 112 2 zener-10
r 528 112 608 112 0 66000
c 608 112 608 192 0 2.2e-7 0.001 0.001
d 800 112 704 112 2 default
r 608 112 704 112 0 220
209 464 112 464 192 0 0.0000022 0.001 0.001 1
w 800 304 800 368 0
w 464 192 528 192 0
w 528 192 608 192 0
g 608 192 608 240 0 0
w 528 112 464 112 0
w 416 112 464 112 0
r 416 320 416 432 0 22000
w 416 144 416 224 0
f 416 320 496 320 32 1.5 0.02
w 416 224 416 320 0
r 256 112 256 16 0 1000
w 496 304 800 304 0
w 800 304 800 112 0
w 496 336 496 432 0
w 416 432 496 432 0
w 752 528 928 528 0
x 983 623 1013 626 4 24 RL
181 928 416 928 528 0 300 100 120 0.4 0.4
o 4 64 0 4099 320 0.8 0 2 4 3
