$ 65 0.000005 2.5790339917193066 58 5 43 5e-11
t 304 192 352 192 0 1 -1.3030178066960634 0.6515090106777921 100 default
g 352 320 352 384 0 0
w 496 32 496 192 0
r 352 32 352 96 0 1500
370 192 192 304 192 1 0 0
370 352 208 352 320 1 0 0
370 496 32 352 32 1 0 0
w 352 96 352 176 0
w -96 320 352 320 0
v 496 320 496 192 0 0 40 15 0 0 0.5
w 352 320 496 320 0
i 0 160 112 160 0 0.0001
x -52 5 257 8 4 24 I\sthreshold\s\q\s0.1\smA\s\q\s100ua
x -52 50 83 53 4 24 Ic\s\q\sbeta\s*\sIb
S -96 176 0 176 0 1 false 0 2
w 112 160 192 192 0
w -96 320 -96 176 0
r 192 192 80 192 0 50000
v 0 192 80 192 0 0 40 5 0 0 0.5
o 0 64 6 4098 20 0.1 0 1
38 11 F1 0 0 0.001 -1 Ib
38 17 F1 0 1 50000 -1 Rb
