$ 1 0.000005 11.086722712598126 45 5 43 5e-11
t 352 288 400 288 0 1 0 0 100 default
R 336 64 336 -16 0 0 40 12 0 0 0.5
s 208 384 208 288 0 1 false
r 208 288 288 288 0 100
209 288 288 288 384 0 0.00009999999999999999 0.001 0.001 1
z 400 384 400 304 2 default-zener
w 208 384 288 384 0
w 288 384 400 384 0
g 288 384 288 416 0 0
r 288 288 288 176 0 1000
w 288 64 336 64 0
178 416 64 416 160 6 1 0.2 0 0.05 1000000 0.02 20 0.015 0.005 0
w 400 272 384 160 0
w 336 64 384 64 0
162 400 160 496 272 2 default-led 1 0 0 0.01
r 496 272 496 384 0 10000
w 400 384 496 384 0
368 288 288 208 192 0 0
s 288 64 288 176 0 0 false
368 400 160 576 192 0 0
w 384 64 416 64 0
d 336 160 336 64 2 default
w 384 160 336 160 0
s 288 288 352 288 0 0 false
o 4 64 0 4099 10 0.0125 0 2 4 3
