$ 3 0.000005 21.593987231061412 61 5 43 5e-11
a -8 96 88 96 8 12 -12 1000000 -2.7104918787543674e-21 0 100000
a 200 160 296 160 8 12 -12 1000000 3.4159487607685874 3.415999999999999 100000
r -120 80 -40 80 0 10000
r -56 208 -136 208 0 5000
w -40 80 -40 16 0
w -8 80 -40 80 0
r 168 96 88 96 0 10000
w 168 96 168 144 0
w 168 144 200 144 0
w 200 176 200 264 0
r 168 96 296 96 0 5000
w 296 96 296 160 0
w 296 160 392 160 0
g -216 208 -216 256 0 0
w -56 208 -56 112 0
w -56 112 -8 112 0
v -216 32 -216 -80 0 0 40 -10 0 0 0.5
v -216 208 -216 128 0 0 40 -10 0 0 0.5
174 -216 32 -200 128 1 10000 0.5 Resistance
w -200 80 -120 80 0
368 -120 80 -120 -32 0 0
368 -216 128 -152 128 0 0
368 -216 32 -152 32 0 0
w -216 208 -280 208 0
w -280 208 -280 -80 0
w -280 -80 -216 -80 0
368 392 160 392 264 0 0
r 40 16 -40 16 0 10000
w 40 16 88 16 0
w 88 16 88 96 0
w -136 208 -216 208 0
v 24 328 24 200 0 0 40 10 0 0 0.5
174 104 200 144 328 1 10000 0.6584000000000001 Input
g 104 328 104 384 0 0
w 24 328 104 328 0
w 144 264 200 264 0
w 24 200 104 200 0
x 84 -69 370 -66 4 24 Adapter\s(-10,\s10)\s->\s(0,\s10)
